astro.dat
[0.622283935546875, 0.72589111328125, 0.8677825927734375, 0.9683685302734375, 0.9907073974609375, 0.9940643310546875, 0.99658203125, 0.9980926513671875, 0.999969482421875]

blast2_p.dat
[0.8896558872305141, 0.8896558872305141, 0.8896558872305141, 0.9119472084024323, 0.9670242537313433, 0.9999965450525152, 0.991499101713654, 0.991499101713654, 0.9999965450525152]

bump.dat
[0.3842562666092078, 0.5554298642533937, 0.9074373339079221, 0.9908065790418732, 0.9771960066077713, 0.9845579257343964, 0.9894060188177836, 0.9988867341808518, 0.9999640881993823]

dpot.dat
[0.20324731806320673, 0.22653909345704068, 0.3888083502464482, 0.9451531844979221, 0.9993234754034986, 0.990866917947231, 0.9973905479849232, 0.9999033536290712, 0.9999033536290712]

eddy.dat
[0.5981791547541541, 0.692522716335947, 0.781176578820732, 0.9353256715826421, 0.9849159283267755, 0.9905667053528463, 0.9942996857927364, 0.996390862513092, 0.9999929232598296]

fish.dat
[0.8307037353515625, 0.83599853515625, 0.8835296630859375, 0.9767303466796875, 0.966522216796875, 0.9719390869140625, 0.9759674072265625, 0.9890899658203125, 0.999969482421875]

sedov_p.dat
[0.0, 0.0, 0.8295582514332515, 0.9499129811629812, 0.9971590909090909, 0.9986819205569205, 0.9950476044226044, 0.9967495904995906, 0.9999744062244063]

yf17_p.dat
[0.26130746416213546, 0.39789298072170043, 0.6535879057505355, 0.9615978744438952, 0.9732039874773438, 0.9820398747734388, 0.9882806063601911, 0.9989392815949909, 0.9999794035261164]

yf17_t.dat
[0.13943812819245346, 0.30088358872960946, 0.4759433185038721, 0.8139005602240896, 0.9833580491019938, 0.9891765529741309, 0.9725346020761245, 0.9812160158180919, 0.9999794035261164]

